Created by SunData for Windows Mobile v2.0.0.1
	
Title     :	papyrus1
Location  :	Malinda
	
2012-11-06		
SunScan probe v1.02R (C) JGW 2004/01/19
	
Ext Sensor: BFS
Group   1 :	
	
Time	plot	repetition	PAR	Spread	Total	Diffuse			Notes	1	2	3	4	5	6	7	8	9	10	11	12	13	14	15	16	17	18	19	20	21	22	23	24	25	26	27	28	29	30	31	32	33	34	35	36	37	38	39	40	41	42	43	44	45	46	47	48	49	50	51	52	53	54	55	56	57	58	59	60	61	62	63	 tip 64
	
08:39:24	1	1	574.6	0.47	1340.3	208.7				349	251	409	260	482	233	188	199	383	275	237	422	632	843	1022	1020	1010	1037	1021	1045	1083	1027	911	299	165	750	839	1058	832	629	419	610	713	550	179	259	329	389	483	765	881	427	620	651	770	514	547	469	532	671	563	711	530	613	637	704	452	516	743	541	181	321	323	250
08:39:30	1	2	576.1	0.47	1342.8	206.3				268	295	458	329	434	276	182	188	288	315	184	285	493	834	1002	1082	1046	1005	1026	1038	1081	1069	969	801	150	343	848	899	961	775	395	387	662	436	189	530	334	338	520	893	709	488	420	727	617	524	564	665	756	635	519	526	550	676	613	742	431	579	655	702	196	377	343	246
08:39:35	1	3	562.5	0.50	1340.3	205.1				331	208	293	216	271	167	171	236	205	322	160	386	250	776	1083	1016	1059	994	980	1008	1050	1061	1014	627	149	419	811	847	947	829	422	632	877	518	193	444	395	323	596	689	879	648	358	603	755	566	501	449	670	754	406	425	537	563	547	661	528	456	765	743	186	401	399	226
08:40:10	1	4	944.2	0.28	1340.3	203.9				983	721	1095	1092	1049	820	182	983	1095	1105	1124	1108	1107	1027	1020	1034	1153	1122	1111	1099	1086	555	675	1089	1121	1088	1080	1170	490	363	1071	1071	1084	1066	1057	1016	170	144	934	1052	1038	1076	1096	1088	1088	1025	1070	1074	1096	1094	1077	1101	1072	1091	1094	1084	1080	1110	620	581	773	832	524	236
08:40:14	1	5	954.9	0.28	1340.3	201.4				1120	407	1032	1098	1090	1087	355	621	1093	1105	1128	1110	1112	1056	1068	1089	1136	1126	1114	1105	1096	917	327	1084	1123	1091	1055	1174	1041	190	976	1076	1091	1073	1065	1051	325	132	650	1053	1088	1086	1103	1097	1047	1070	1084	1075	1096	1045	1080	1103	1075	1093	1099	1089	1085	1118	696	797	713	1014	470	255
08:40:18	1	6	959.4	0.27	1340.3	201.4				1173	517	1034	949	1084	1097	784	373	1083	1103	1123	1111	1117	1082	1079	1084	1110	1125	1113	1104	1097	996	257	1076	1123	1093	1080	1179	1060	199	912	1073	1091	1022	1042	1050	494	131	461	1049	1083	1083	1098	1069	1091	1067	1084	1077	1089	1054	1065	1103	1077	1095	1091	1037	1085	1121	705	846	839	1063	487	266
08:40:48	1	7	706.2	0.48	1341.6	199.0				957	972	814	872	888	1009	457	244	901	156	136	257	581	1076	1035	138	178	1056	1065	344	272	1059	1067	1056	273	728	998	167	481	1065	942	544	169	990	1049	1055	1027	1013	507	216	1038	1056	980	812	294	695	200	376	1051	1099	1086	601	693	303	405	847	543	816	784	718	221	1046	1079	646
08:40:52	1	8	723.4	0.46	1337.9	200.2				962	993	929	776	954	1081	826	386	888	509	150	390	704	1089	1035	136	190	1071	1080	444	226	1064	1082	1074	342	627	1025	190	353	1070	1000	449	170	983	1054	1057	1030	1021	493	228	1050	1066	1044	465	456	966	214	142	924	1101	1087	526	756	253	535	667	438	901	553	907	236	1046	1092	749
08:40:55	1	9	721.5	0.46	1337.9	199.0				1002	947	981	956	896	940	594	640	573	624	168	369	288	701	989	124	245	1080	1079	347	282	1074	1079	1065	235	822	947	152	735	1080	924	527	193	1044	1066	1067	1034	1018	289	375	1068	1042	1049	518	404	937	178	314	1075	1113	1095	445	827	196	601	768	351	877	805	882	231	1058	1095	698
08:41:27	1	10	499.1	0.70	1351.3	202.6				531	541	494	550	443	518	779	652	672	614	468	413	300	242	208	197	223	179	142	141	218	343	255	144	140	117	110	214	532	269	114	123	136	179	230	488	329	143	263	564	418	302	186	117	175	497	632	774	985	1099	1106	1132	1116	1140	1143	1130	1003	356	238	741	1072	1109	1109	1146
08:41:31	1	11	517.6	0.66	1350.1	203.9				565	445	581	674	469	565	780	799	624	439	538	485	290	298	246	233	188	143	143	255	393	387	296	163	141	108	79	272	572	278	130	152	182	337	386	540	379	167	297	615	388	210	119	118	216	578	583	767	871	974	1077	1134	1111	1130	1133	1101	861	298	328	968	1134	1142	1112	1142
08:41:35	1	12	541.3	0.66	1347.7	205.1				736	645	573	655	695	684	750	866	799	491	365	326	213	177	178	210	153	139	144	205	278	368	394	283	142	111	77	98	276	335	125	309	320	407	360	449	523	233	282	741	513	282	148	116	170	651	987	1038	1044	1049	1076	1108	1096	1125	1126	1106	830	263	382	995	1055	1127	1117	1134
08:42:01	1	13	504.4	0.53	1352.5	205.1				313	305	229	133	128	126	145	181	183	183	160	165	191	202	191	117	150	237	319	342	250	619	445	220	436	681	876	999	817	865	927	703	510	407	680	736	538	709	819	689	545	549	792	927	762	671	813	796	680	795	838	714	768	848	378	419	168	275	375	469	536	866	750	626
08:42:06	1	14	520.0	0.55	1350.1	207.5				356	354	174	172	128	149	166	205	217	201	167	171	181	163	190	154	208	236	347	290	210	537	313	372	812	848	887	967	801	796	768	696	352	593	754	521	643	721	591	594	749	863	931	964	686	711	867	535	931	880	716	803	866	662	276	280	220	227	336	359	660	1051	830	877
08:42:10	1	15	488.6	0.55	1352.5	207.5				350	374	382	185	152	130	141	165	151	157	162	146	155	189	183	170	196	213	280	254	201	468	697	868	399	242	644	1043	717	511	728	812	371	581	827	740	395	584	689	512	560	721	929	630	707	715	561	652	608	791	931	815	484	349	335	321	260	332	456	390	672	1038	823	1030
08:42:36	1	16	894.2	0.27	1362.3	210.0				829	721	713	825	690	702	577	528	431	378	521	724	711	717	710	304	720	492	409	695	705	771	863	823	837	931	899	950	942	978	1033	1047	1047	1018	1035	1047	1008	1042	1093	1107	1128	933	1140	1137	1136	1110	1131	1126	1151	1155	1142	1163	1136	1157	1162	1151	1148	1188	1159	1167	877	630	364	1067
08:42:40	1	17	881.7	0.27	1361.1	210.0				895	822	709	771	775	772	865	680	573	478	476	487	576	689	832	517	453	366	454	749	817	855	887	846	806	782	754	736	709	775	855	909	942	951	1023	1060	1054	1081	1097	1068	1094	1121	1145	1141	1141	1115	1134	1128	1155	1158	1147	1168	1139	1159	1163	1156	1153	1193	1166	1169	845	610	338	744
08:42:44	1	18	886.7	0.28	1361.1	207.5				991	791	577	874	772	727	733	617	603	541	547	396	660	689	802	506	492	407	377	710	815	853	922	877	813	792	710	810	869	893	956	978	1001	1048	1092	1083	1078	1074	1047	1065	1130	1126	1145	1139	1140	1113	1133	1128	1154	1157	1144	1166	1138	1159	1162	1155	1151	1191	1161	1164	763	528	446	471
	
Average of	18	 readings
  SunScan probe:		692.0	  BFS Total:		1347.2				
	
08:43:34	2	1	0.9	3.22	1362.3	200.2				2	2	2	2	2	2	2	2	2	1	1	1	1	1	1	1	2	22	1	1	0	0	0	0	0	0	0	0	0	0	0	0	0	0	0	0	0	0	0	0	0	0	0	0	0	0	0	0	0	0	0	0	0	0	0	0	0	0	0	0	0	0	0	0
08:43:40	2	2	0.8	3.23	1357.4	200.2				2	2	2	2	2	2	2	2	2	1	1	1	1	1	1	1	2	22	1	1	0	0	0	0	0	0	0	0	0	0	0	0	0	0	0	0	0	0	0	0	0	0	0	0	0	0	0	0	0	0	0	0	0	0	0	0	0	0	0	0	0	0	0	0
08:43:45	2	3	0.7	2.49	1357.4	200.2				2	2	2	2	2	2	2	2	2	1	1	1	1	1	1	1	1	14	1	1	0	0	0	0	0	0	0	0	0	0	0	0	0	0	0	0	0	0	0	0	0	0	0	0	0	0	0	0	0	0	0	0	0	0	0	0	0	0	0	0	0	0	0	0
08:44:47	2	4	1.1	1.19	1394.0	214.8				4	4	4	4	4	3	3	3	3	3	2	2	2	2	2	2	2	2	2	2	2	1	1	1	1	1	1	0	1	1	0	0	0	0	0	0	0	0	0	0	0	0	0	0	0	0	0	0	0	0	0	0	0	0	0	0	0	0	0	0	0	0	0	0
08:44:51	2	5	1.1	1.16	1394.0	214.8				4	4	4	4	4	3	3	3	3	3	2	2	2	2	2	2	2	2	2	2	2	1	1	1	1	1	1	0	1	1	0	1	0	0	0	0	0	0	0	0	0	0	0	0	0	0	0	0	0	0	0	0	0	0	0	0	0	0	0	0	0	0	0	0
08:44:56	2	6	1.1	1.17	1394.0	212.4				4	4	4	4	4	3	3	3	3	3	2	2	2	2	2	2	2	2	2	2	2	1	1	1	1	3	1	0	1	1	0	1	0	0	0	0	0	0	0	0	0	0	0	0	0	0	0	0	0	0	0	0	0	0	0	0	0	0	0	0	0	0	0	0
08:45:35	2	7	2.1	1.34	1397.7	211.2				7	6	5	5	4	3	2	2	12	3	2	2	1	1	1	1	1	1	1	1	1	1	1	1	1	1	1	2	1	1	1	0	0	1	5	2	2	3	18	4	3	3	3	2	2	1	0	1	1	2	1	1	1	0	0	0	0	0	0	0	0	1	1	1
08:45:40	2	8	2.1	1.52	1398.9	211.2				6	5	5	5	4	3	2	2	11	3	2	2	1	1	1	1	1	1	1	1	1	1	1	1	1	1	1	2	1	1	1	0	0	1	4	2	2	3	22	3	3	3	3	2	2	1	0	1	1	2	1	1	1	0	0	0	0	0	0	0	1	1	1	1
08:45:46	2	9	1.9	1.24	1397.7	211.2				6	5	5	5	4	3	2	2	8	3	2	2	1	1	1	1	1	1	1	1	1	1	1	1	1	1	1	2	1	1	1	0	0	1	6	3	2	2	15	4	3	3	3	2	2	1	0	1	1	1	1	1	1	0	0	0	0	0	0	0	0	1	1	1
08:46:28	2	10	7.0	2.71	1408.7	207.5				127	90	33	18	9	10	6	6	1	2	2	2	2	2	2	3	3	3	4	3	3	2	2	2	3	3	4	3	5	5	5	4	4	2	4	5	3	5	4	2	3	3	2	4	4	4	4	4	4	3	4	2	2	2	2	2	2	1	2	1	1	1	1	1
08:46:32	2	11	6.9	2.69	1406.2	207.5				123	89	33	19	9	11	5	5	1	2	2	2	2	2	2	3	3	3	4	3	3	2	2	2	3	3	4	4	5	5	5	4	4	2	4	5	3	5	4	2	3	3	2	4	4	4	4	4	4	3	3	2	2	2	2	2	1	1	1	1	1	1	1	1
08:46:37	2	12	6.7	2.55	1412.4	207.5				98	98	34	19	11	10	5	3	1	2	2	2	2	2	2	3	3	3	4	3	3	2	2	2	3	3	4	4	5	5	5	4	4	2	4	4	3	5	4	2	3	3	2	4	4	4	4	4	4	3	3	2	2	2	2	2	1	1	1	1	1	1	1	1
08:47:09	2	13	2.6	0.88	1401.4	197.8				6	4	5	5	5	4	4	4	4	4	4	4	4	6	6	7	7	10	5	6	5	5	4	3	3	3	3	4	3	3	2	1	1	1	1	1	1	1	1	1	1	1	1	1	1	1	1	3	4	1	1	1	0	0	0	0	0	0	0	0	0	0	0	0
08:47:14	2	14	2.8	0.93	1402.6	197.8				6	4	5	5	5	5	4	4	4	4	4	4	5	8	7	8	8	12	6	6	5	5	4	3	3	3	3	4	3	3	2	1	1	1	1	1	1	1	1	1	1	1	1	1	1	1	1	3	5	1	1	1	0	0	0	0	0	0	0	0	0	0	0	0
08:47:19	2	15	3.1	1.12	1401.4	197.8				6	4	5	5	5	4	4	4	4	4	4	5	6	11	9	8	10	20	6	8	5	5	4	3	3	3	3	4	3	3	2	1	1	1	1	1	1	1	1	1	1	1	1	1	1	1	1	3	6	1	1	1	0	0	0	0	0	0	0	0	0	0	0	0
08:47:46	2	16	6.6	1.51	1411.1	200.2				13	11	11	11	10	8	7	7	9	9	8	7	6	7	6	6	6	5	4	23	4	6	4	5	4	2	3	5	5	6	8	7	5	5	5	6	20	20	77	5	3	3	3	3	3	3	3	2	2	2	2	1	2	1	0	0	2	1	1	1	1	2	2	2
08:47:50	2	17	6.7	1.38	1411.1	200.2				13	11	11	11	10	8	7	8	9	9	9	7	6	7	6	6	6	5	4	20	4	6	4	4	4	2	4	5	5	6	10	7	5	5	5	6	26	22	69	5	3	3	3	3	3	3	3	2	3	2	2	1	2	1	0	0	9	1	1	1	1	1	2	2
08:47:56	2	18	6.2	1.61	1408.7	199.0				14	12	11	12	10	9	8	8	9	9	8	7	7	7	8	6	6	5	4	8	3	5	4	4	4	3	4	5	4	5	6	5	5	5	5	5	7	10	82	4	3	3	3	2	3	3	3	2	3	4	2	1	1	1	0	0	12	3	1	1	1	1	2	2
	
Average of	18	 readings
  SunScan probe:		3.3	  BFS Total:		1395.4				plot 2 lower
	
09:32:11	3	1	1408.0	0.28	1833.5	316.2				1671	1587	1558	1556	1548	1570	1561	1579	1533	1428	1400	1180	1053	1351	1545	625	1529	1575	1445	1555	1554	1350	210	1205	1597	1554	1536	1669	1559	1562	1593	1580	1597	1575	1570	1580	1558	1560	1576	1572	1603	1574	1583	1576	1583	1572	1597	1609	1639	1626	1605	1634	1627	1689	1506	251	104	389	1354	260	1346	734	1542	1710
09:32:16	3	2	1435.1	0.24	1838.4	324.7				1678	1592	1567	1571	1558	1576	1563	1586	1526	1453	1321	1279	1036	1408	1591	474	1604	1547	1509	1564	1482	245	733	1593	1619	1567	1549	1688	1569	1574	1605	1570	1572	1584	1536	1587	1565	1568	1585	1580	1604	1581	1591	1586	1588	1574	1602	1611	1644	1633	1613	1641	1627	1691	1580	601	868	1460	1440	271	862	593	1518	1697
09:32:21	3	3	1453.1	0.22	1844.5	334.5				1686	1599	1572	1573	1562	1582	1570	1588	1558	1478	1412	1203	1085	1319	1575	953	1394	1592	1452	1563	1547	635	252	1546	1616	1566	1549	1689	1571	1574	1603	1591	1587	1588	1581	1592	1565	1568	1585	1582	1606	1586	1597	1588	1598	1586	1612	1621	1653	1631	1609	1641	1620	1695	1628	943	1187	1531	1083	200	1188	646	1547	1702
09:32:43	3	4	829.8	0.52	1868.9	382.1				1367	846	222	872	807	1111	959	1335	1292	860	593	735	731	712	466	329	928	563	217	499	238	270	315	469	186	321	538	1007	824	221	635	449	642	1009	651	536	891	1079	873	1038	182	1216	294	1096	1175	1358	895	794	176	151	187	1119	1267	1307	1455	1405	1217	1294	1413	1559	1554	1425	1342	1597
09:32:48	3	5	827.8	0.59	1877.4	388.2				1511	379	359	1259	1340	1056	947	889	559	768	816	1062	583	898	218	828	618	407	243	237	157	158	197	178	187	328	434	536	257	824	517	292	889	969	864	877	985	557	1293	269	1032	384	949	1452	1115	608	290	165	148	226	1298	1386	1289	1453	1497	1561	1536	1382	1553	1574	1578	1583	1553	1627
09:32:52	3	6	774.0	0.59	1872.6	391.8				1228	704	243	911	968	1002	742	622	738	652	750	1059	647	786	200	617	456	441	228	337	166	158	171	189	183	328	393	721	437	364	696	199	557	925	956	1011	1008	924	1090	582	473	860	401	1367	1081	353	219	164	148	178	1080	1311	1391	1385	1488	1491	1492	1283	1111	1502	1583	1592	1562	1633
09:33:12	3	7	495.9	0.57	1882.3	388.2				543	1011	741	714	906	863	687	576	465	249	353	257	264	355	267	234	204	184	181	201	188	258	382	340	283	400	414	220	222	201	95	69	270	277	440	446	409	526	748	573	284	328	392	232	605	639	728	957	973	1340	1034	859	1002	785	945	816	637	592	710	642	395	210	255	363
09:33:16	3	8	499.4	0.57	1882.3	385.7				624	1009	761	773	875	913	695	702	440	276	449	292	269	285	243	213	214	184	174	196	194	258	385	298	293	297	264	196	194	153	91	69	320	394	451	415	458	562	748	623	324	282	657	247	809	717	834	923	993	1273	1008	788	798	832	929	759	601	592	665	446	392	215	323	314
09:33:20	3	9	488.6	0.52	1883.5	382.1				892	696	724	748	543	496	504	438	343	221	249	270	320	264	244	268	216	217	225	248	317	524	399	417	363	473	272	260	256	199	93	76	308	376	523	427	566	637	613	661	262	242	716	262	946	1060	952	833	963	918	1020	821	822	788	652	673	598	623	503	468	279	220	302	466
09:33:52	3	10	978.6	0.55	1901.9	317.4				1696	1602	1575	1571	1560	1579	1570	1588	1574	1606	1613	1597	1602	1617	1631	1609	1656	1415	1136	901	367	180	161	151	145	151	143	317	547	689	787	787	769	1078	1166	1160	981	1146	936	290	189	319	1034	1503	1554	1543	1563	1560	1435	942	522	1002	362	332	209	345	727	760	853	1020	836	424	594	358
09:33:56	3	11	993.7	0.57	1901.9	307.6				1711	1617	1594	1588	1584	1602	1583	1604	1590	1624	1632	1617	1620	1632	1644	1625	1681	1622	1393	990	733	273	173	161	156	140	147	176	501	802	887	938	840	919	1202	1184	1163	1190	1170	768	227	200	576	1355	1559	1555	1579	1586	1611	1436	1037	663	525	198	210	639	646	739	660	417	418	304	185	197
09:33:59	3	12	989.1	0.57	1894.5	297.9				1701	1607	1579	1580	1575	1594	1582	1601	1580	1616	1623	1603	1612	1623	1639	1616	1669	1587	1396	981	726	213	164	153	149	136	141	237	711	949	956	925	862	940	1115	1138	1115	1218	993	283	191	375	1162	1526	1553	1543	1560	1567	1518	1168	925	642	450	186	303	1010	656	724	549	321	275	188	193	236
09:34:22	3	13	1496.8	0.16	1887.2	266.1				1707	1614	1592	1587	1575	1597	1591	1613	1596	1626	1630	1615	1619	1635	1654	1635	1693	1647	1629	1617	1614	1626	1610	1627	1657	1609	1584	1715	1594	1590	1610	1588	1599	1575	1563	1580	1562	1568	1564	1564	1576	1539	1288	521	1452	1473	647	989	1102	830	1362	1394	1359	1592	1487	1587	1519	1209	1555	1482	1309	1218	1348	1486
09:34:26	3	14	1472.7	0.18	1884.8	264.9				1701	1612	1584	1585	1572	1591	1583	1604	1592	1626	1632	1614	1619	1632	1649	1630	1685	1640	1622	1609	1604	1618	1605	1617	1648	1602	1579	1712	1585	1583	1608	1585	1594	1571	1531	1541	1543	1508	1358	1410	1556	1525	1385	270	647	918	1089	1260	706	1201	1125	1038	1350	1534	1558	1551	1407	1401	1585	1559	1386	1454	1399	1571
09:34:31	3	15	1451.3	0.19	1882.3	263.7				1698	1609	1582	1580	1572	1593	1586	1606	1590	1624	1628	1609	1617	1638	1648	1628	1688	1642	1625	1612	1606	1620	1608	1622	1649	1603	1579	1710	1587	1585	1603	1582	1594	1572	1485	1394	1421	1385	1128	1100	1464	1279	1172	185	522	978	1133	1231	1195	732	981	1346	1289	1460	1552	1534	1480	1406	1586	1598	1426	1530	1462	1539
09:34:51	3	16	790.7	0.57	1879.9	275.9				878	1527	1526	1441	1439	1411	1109	376	220	205	314	391	399	365	444	320	431	472	518	627	729	610	928	1141	642	297	392	704	651	742	637	470	223	177	317	529	235	157	676	881	983	1130	1130	1170	1262	1343	1309	1489	1507	1563	1507	1577	1520	1420	1194	800	906	769	444	465	383	367	290	528
09:34:55	3	17	784.4	0.64	1877.4	280.8				902	1511	1522	1445	1424	1314	1248	321	171	185	232	310	410	538	378	362	314	316	503	389	261	204	663	883	1243	686	268	579	912	596	544	191	226	247	196	151	153	339	875	1011	1185	1208	1281	1316	1424	1490	1510	1531	1597	1499	1546	1539	1504	1357	1228	1065	887	748	463	333	311	328	352	478
09:34:59	3	18	723.6	0.68	1877.4	285.6				897	1506	1491	1480	1502	1247	1114	294	164	180	220	389	330	224	241	299	254	320	404	233	315	556	709	1320	1228	317	182	482	504	405	203	170	268	213	140	146	299	881	534	930	1016	1115	1177	1257	1393	1447	1495	1526	1294	679	1505	1507	1325	1293	1052	1209	969	600	299	180	185	306	451	440
	
Average of	18	 readings
  SunScan probe:		994.0	  BFS Total:		1876.2				
	
09:35:51	4	1	25.1	1.26	1855.5	305.2				26	23	23	26	21	21	19	40	32	27	26	22	21	21	23	27	22	24	82	166	20	20	15	12	8	7	6	6	6	6	8	29	13	10	8	8	6	6	6	5	4	4	4	5	5	5	6	6	9	8	11	29	66	83	77	135	84	109	12	11	15	9	8	8
09:35:55	4	2	25.3	1.29	1853.0	302.7				26	23	23	26	21	21	19	34	45	29	26	22	21	21	24	31	22	31	72	181	20	19	15	12	8	7	6	6	6	6	8	19	10	9	8	7	6	6	6	5	4	4	4	5	5	5	6	6	8	8	11	26	92	84	77	131	109	65	12	10	17	9	8	8
09:35:59	4	3	21.2	1.07	1855.5	301.5				26	23	23	24	21	21	20	22	102	32	30	22	21	24	24	43	22	48	43	117	18	19	15	12	9	6	6	6	6	6	8	25	17	11	8	7	6	6	6	5	4	4	4	5	5	5	6	6	8	8	8	17	56	68	49	83	27	36	9	9	9	7	7	8
09:36:22	4	4	5.2	1.83	1861.6	295.4				14	11	8	7	6	6	5	2	3	2	2	1	1	1	1	1	1	1	1	2	2	2	2	2	3	3	4	62	50	6	6	6	6	6	5	5	5	5	4	4	4	4	4	4	4	4	4	4	4	4	3	2	1	2	3	1	0	2	2	3	3	3	3	1
09:36:25	4	5	5.0	1.69	1860.4	293.0				14	11	8	7	6	6	5	2	3	2	2	1	1	1	1	1	1	1	1	2	2	2	2	2	3	3	4	36	61	6	6	6	6	6	5	5	5	5	4	4	4	4	4	4	4	4	4	4	4	4	3	3	1	2	3	1	0	2	3	3	3	3	3	1
09:36:29	4	6	5.1	1.78	1862.8	291.7				13	11	8	7	6	6	5	2	3	2	2	1	1	1	1	1	1	1	1	2	2	2	2	3	3	3	4	62	46	6	6	6	6	6	5	5	5	5	4	4	4	4	4	4	4	4	4	4	4	4	3	2	1	1	2	1	0	2	3	3	3	3	3	1
09:36:52	4	7	13.6	1.88	1872.6	288.1				39	89	151	31	25	21	17	11	10	10	10	122	30	7	5	4	4	4	5	5	5	5	5	26	7	6	12	15	8	6	6	4	7	3	1	0	1	2	4	5	8	12	7	7	25	6	5	4	4	3	2	3	3	3	3	4	4	4	5	5	6	8	8	9
09:36:56	4	8	12.5	1.73	1882.3	288.1				35	64	143	31	24	20	16	11	9	9	9	80	23	6	4	4	4	4	5	5	5	5	5	48	7	6	8	15	6	6	6	4	8	3	1	0	1	2	4	5	8	16	7	7	28	6	5	4	4	3	2	2	3	3	3	4	4	4	4	5	6	8	8	9
09:37:00	4	9	14.0	2.14	1887.2	288.1				37	103	209	34	25	21	16	11	10	10	10	93	27	7	5	4	4	4	5	5	5	5	5	10	6	6	10	12	9	6	5	4	6	3	1	0	2	2	4	5	7	21	8	7	26	6	5	4	4	3	2	2	3	3	3	4	4	4	5	5	6	8	8	9
09:37:30	4	10	99.1	2.42	1894.5	290.5				409	938	114	67	72	662	1156	371	121	269	311	844	642	54	31	54	20	10	9	9	8	8	9	31	7	6	5	5	5	5	9	12	4	3	2	2	2	2	2	2	2	2	2	3	2	2	2	2	2	2	2	2	2	2	2	2	2	2	2	2	2	2	2	2
09:37:35	4	11	111.9	2.36	1899.4	290.5				468	1008	120	75	66	586	1202	578	169	311	400	900	888	75	25	44	23	12	10	10	9	9	11	22	11	12	6	6	5	5	5	26	5	3	3	2	2	2	2	2	2	2	2	3	2	2	2	2	2	2	2	2	2	2	2	2	2	2	2	2	2	2	2	2
09:37:39	4	12	89.4	2.43	1901.9	290.5				374	731	106	58	65	668	1092	391	112	220	311	801	487	44	29	48	19	9	8	8	7	7	7	8	6	5	4	4	4	4	8	10	3	3	2	2	2	2	2	2	2	2	2	2	2	2	2	2	2	2	2	2	2	2	2	2	2	2	2	2	2	2	2	2
09:38:03	4	13	4.7	1.23	1530.8	297.9				32	11	7	6	7	8	6	8	18	14	6	5	4	6	5	4	5	30	5	11	5	5	5	3	3	5	3	3	4	8	3	4	7	2	3	2	2	2	2	2	1	1	1	1	1	1	1	1	2	1	1	1	1	2	2	2	1	2	2	1	1	1	1	1
09:38:07	4	14	5.0	1.28	1042.5	297.9				35	11	7	6	9	16	7	13	32	20	6	5	4	10	6	4	4	12	4	9	4	4	4	3	3	4	3	3	3	6	3	5	9	2	3	2	2	2	2	2	1	1	1	1	1	1	1	1	1	1	1	1	1	2	2	2	1	1	2	1	1	1	1	1
09:38:11	4	15	6.3	2.02	856.9	296.6				99	13	7	7	8	10	8	18	31	22	7	5	5	11	6	5	5	11	5	7	5	5	6	4	4	5	4	4	4	7	4	5	8	3	3	2	2	2	2	2	2	1	1	1	1	1	1	1	2	1	1	1	1	2	2	2	2	2	2	1	1	2	2	2
09:38:50	4	16	13.2	2.76	1899.4	339.4				17	32	55	21	26	244	85	149	32	11	9	9	8	7	7	7	8	6	4	4	5	5	5	6	4	3	2	3	5	5	4	3	3	3	3	3	2	3	3	2	2	2	2	2	2	2	1	2	2	1	1	1	1	1	2	2	2	1	2	1	1	1	3	1
09:38:55	4	17	14.3	2.77	1899.4	343.0				17	33	64	24	26	265	105	148	45	12	10	9	8	7	7	8	7	6	4	5	5	5	5	7	4	3	2	3	5	5	4	3	3	3	3	3	2	3	2	2	2	2	2	2	2	2	2	2	1	1	1	1	1	1	1	2	2	1	2	1	1	1	3	1
09:38:59	4	18	15.2	2.94	1899.4	344.2				17	31	55	21	30	305	120	162	42	11	9	9	8	7	7	8	8	6	4	5	5	5	5	6	4	3	2	3	5	5	4	3	3	3	3	3	3	3	3	2	2	2	2	2	2	2	1	2	2	1	1	1	1	1	1	2	1	1	2	1	1	1	2	1
	
Average of	18	 readings
  SunScan probe:		27.0	  BFS Total:		1756.4				
	
10:08:19	5	1	1306.1	0.34	2048.3	271.0				816	673	889	1368	1594	1318	1326	1715	1747	1795	1804	1783	1791	1808	1825	1805	1868	1817	1800	1788	1791	1808	1795	1810	1851	1804	1751	1833	1244	1472	776	969	1245	1476	1564	1353	1135	1455	1279	1390	1090	1121	1061	929	1225	1209	1101	1101	898	708	1099	945	1043	1161	1187	832	1244	1365	1140	581	201	161	232	829
10:08:23	5	2	1330.6	0.32	2036.1	269.8				777	848	1326	1554	1514	1196	1479	1675	1700	1796	1804	1785	1789	1808	1827	1807	1870	1823	1808	1796	1795	1809	1800	1815	1853	1802	1680	1738	1274	1058	767	1171	1189	1543	1553	1503	1175	1530	1466	1314	1269	1010	1184	719	1451	1041	1200	994	1096	1045	771	1132	941	1117	1184	1072	1367	1264	841	294	160	185	602	1406
10:08:27	5	3	1314.0	0.34	2038.6	267.3				907	967	1688	1669	1615	1763	1743	1715	1759	1793	1802	1749	1617	1805	1824	1803	1865	1819	1803	1789	1792	1809	1796	1813	1848	1792	1495	1558	1380	906	716	1009	1205	1376	1235	1333	1510	1134	1380	977	1251	733	1031	907	1066	954	1106	911	706	1106	891	1096	1111	1213	1152	1189	1317	1229	679	228	160	208	726	1575
10:08:46	5	4	1194.3	0.44	2045.9	263.7				1917	1811	1778	1778	1756	1780	1773	1797	1779	1810	1811	1706	1621	1708	1801	1737	1708	1180	902	284	154	162	430	935	1040	922	871	997	787	587	200	148	163	322	818	857	1298	1153	1081	1112	687	270	569	965	1154	971	1345	1245	1446	1419	1351	1271	1091	1077	1306	1477	1468	1231	1230	1493	1554	1727	1766	1851
10:08:50	5	5	1173.9	0.45	2044.7	263.7				1903	1796	1766	1769	1744	1768	1761	1780	1767	1798	1802	1783	1786	1800	1791	1633	1737	1594	603	184	153	195	841	1190	1077	625	1071	1020	698	257	161	148	189	447	1221	1030	1136	1011	750	984	540	248	855	991	1054	1018	1054	1211	1080	1436	1063	1113	1102	1324	1462	1218	1106	1278	1703	1608	1477	1352	1407	1663
10:08:53	5	6	1109.2	0.49	2032.5	262.5				1898	1767	1759	1762	1739	1765	1756	1778	1762	1798	1805	1788	1791	1796	1789	1690	1512	1018	340	155	149	155	239	858	676	1077	769	716	469	150	144	155	344	802	1180	986	814	611	1016	1100	405	279	730	1127	1235	1045	1235	1303	1252	1252	1311	1140	833	1032	957	1009	1093	1121	1193	1299	1505	1549	1544	1661
10:09:15	5	7	1148.4	0.49	2047.1	266.1				1944	1845	1802	1801	1766	1783	1776	1792	1772	1800	1806	1788	1796	1811	1830	1807	1869	1816	1797	1762	1671	1765	1775	1723	1758	1277	1151	659	1014	638	669	302	418	630	798	925	773	755	755	1292	1230	1157	1010	992	716	659	794	867	555	503	369	489	421	424	407	655	942	557	381	684	442	593	678	1063
10:09:19	5	8	1128.4	0.49	2043.5	267.3				1928	1828	1788	1786	1751	1771	1757	1772	1752	1785	1792	1773	1779	1795	1811	1788	1850	1800	1783	1769	1766	1728	1615	1748	1610	1218	904	729	742	716	328	292	486	649	802	946	783	753	838	1321	1242	1218	976	798	681	638	805	791	569	523	390	493	400	408	461	779	954	521	389	608	467	557	596	1120
10:09:23	5	9	1145.7	0.49	2043.5	267.3				1954	1854	1811	1811	1776	1796	1787	1802	1784	1818	1821	1800	1809	1825	1842	1818	1880	1829	1811	1800	1776	1677	1750	1765	1582	1161	977	641	961	756	434	385	466	739	870	974	802	765	1066	1331	1187	1213	934	783	714	668	893	745	594	498	424	534	373	393	504	840	822	529	435	659	412	440	483	944
10:09:52	5	10	1558.1	0.32	2064.2	269.8				1926	1828	1796	1793	1492	407	1745	1802	1705	692	1811	1814	1823	1840	1857	1831	1898	1845	1809	1020	594	192	452	1793	1860	1814	1786	1939	1797	1797	1830	1807	1829	1800	944	278	1037	287	1580	1765	637	1556	1799	1796	1806	1793	1818	1801	858	425	1771	1839	1792	1829	1834	1827	1797	1861	1812	1832	1813	1809	1805	1893
10:09:56	5	11	1574.1	0.30	2053.2	269.8				1923	1829	1795	1786	1599	345	1722	1795	1641	894	1817	1810	1818	1836	1856	1831	1894	1841	1818	1430	678	201	263	1739	1854	1811	1781	1931	1800	1801	1831	1810	1831	1783	1316	488	1185	290	1466	1791	1255	1033	1792	1795	1804	1789	1813	1802	732	491	1774	1836	1787	1830	1843	1825	1800	1866	1814	1832	1808	1807	1802	1887
10:10:00	5	12	1555.9	0.32	2055.7	271.0				1921	1823	1788	1760	458	1412	1776	1782	728	1717	1829	1812	1821	1832	1852	1829	1890	1834	1783	461	353	198	1038	1803	1848	1809	1782	1936	1802	1795	1824	1811	1834	1808	1584	593	1330	630	969	1230	331	1689	1804	1801	1804	1782	1805	1794	706	499	1769	1831	1790	1821	1846	1827	1795	1866	1810	1826	1803	1805	1798	1893
10:10:20	5	13	729.5	0.40	2048.3	285.6				392	325	419	556	394	518	1144	896	733	914	721	678	593	445	774	761	1143	902	627	620	688	853	675	803	366	1136	721	409	681	481	1020	1043	1040	1105	785	189	797	992	1194	1184	1252	1187	1052	331	1039	769	184	653	316	271	316	440	190	284	632	795	821	844	854	941	934	1081	959	832
10:10:24	5	14	715.3	0.45	2048.3	290.5				500	475	501	529	253	875	1104	821	770	619	503	452	282	620	727	895	572	508	834	708	643	814	660	529	257	620	913	1195	306	830	1093	1197	1145	872	846	247	274	1149	1159	1095	1104	1208	1056	271	901	856	192	464	366	237	244	242	182	556	807	552	724	836	793	1315	1242	1178	1272	787
10:10:29	5	15	734.2	0.41	2041.0	294.2				451	431	472	593	296	858	1005	768	849	895	613	491	238	583	743	1044	908	624	649	679	849	792	942	250	888	558	593	827	410	801	1250	1128	1296	1359	970	196	925	1209	1142	1056	1053	1023	615	632	1014	279	253	601	259	366	594	186	253	419	631	613	726	808	914	939	966	961	1035	1223
10:10:45	5	16	980.4	0.38	2081.3	307.6				1916	1545	1486	1082	1085	1080	779	1166	1034	808	984	1152	1380	1250	1565	934	1315	1341	949	857	1072	968	751	865	1167	1441	850	981	947	1001	723	1292	1375	1037	1340	636	368	644	1204	1324	595	804	1574	888	1137	413	1287	1130	1264	1169	1154	1096	1248	1171	945	397	480	259	278	456	188	360	317	444
10:10:49	5	17	1001.3	0.38	2075.2	310.1				1898	1575	1531	1199	1284	958	1114	1037	1324	1095	860	1006	1356	1341	1526	1341	1122	1308	1218	1083	979	1061	959	744	1060	1512	1094	1092	990	1212	1137	1019	1555	1400	1249	879	510	706	794	949	856	549	1426	891	1441	728	880	1389	1345	1201	996	1093	771	693	679	349	578	305	198	178	253	324	350	536
10:10:54	5	18	1018.6	0.35	2082.5	311.3				1797	1523	1458	1282	1239	1126	1327	1001	1319	1115	1257	1057	1388	1256	1369	1640	1217	1324	1228	1000	905	1071	1014	1121	823	1147	1322	990	1281	849	1240	838	1478	1243	1266	1139	865	533	730	829	685	373	1444	980	908	651	389	1216	1242	1455	1128	1203	984	1094	679	469	376	235	385	321	527	784	642	415
	
Average of	18	 readings
  SunScan probe:		1151.0	  BFS Total:		2051.7				
	
10:11:28	6	1	15.1	2.07	2054.4	295.4				125	21	14	14	11	10	8	7	6	5	5	5	7	9	6	5	12	7	4	3	3	3	4	3	3	2	2	3	3	3	3	3	3	1	0	0	5	10	11	11	7	11	7	15	18	18	20	23	22	22	22	24	218	77	31	27	15	6	6	9	6	0	0	1
10:11:33	6	2	15.8	1.99	2060.5	290.5				180	25	15	14	11	10	8	7	6	5	5	5	7	11	6	5	18	9	4	4	4	3	4	3	3	2	2	3	3	3	3	3	3	1	0	0	5	9	11	11	7	11	7	15	18	19	21	24	23	30	24	24	179	74	31	28	15	6	6	9	6	0	0	1
10:11:36	6	3	15.6	1.98	2070.3	285.6				162	23	14	13	11	9	8	7	6	5	5	5	8	12	6	5	15	7	4	3	3	3	4	3	3	2	2	3	3	3	3	3	3	1	0	0	5	10	11	11	7	11	7	16	18	19	21	24	23	30	25	24	189	75	29	33	15	6	6	9	6	0	0	1
10:11:55	6	4	32.7	1.99	2060.5	274.7				72	50	52	376	264	118	47	35	82	57	172	74	26	22	97	136	54	54	144	15	12	11	14	10	9	8	8	8	7	6	6	5	4	4	4	4	3	2	2	2	1	1	1	0	0	0	0	0	0	1	1	1	0	1	1	1	2	2	1	0	1	2	2	2
10:11:59	6	5	49.0	2.30	2055.7	271.0				53	47	49	412	129	75	45	42	97	674	220	29	24	65	376	160	38	51	221	14	11	10	9	9	8	7	7	7	8	156	8	5	5	4	4	4	3	2	2	1	1	1	1	0	0	0	0	0	0	1	1	1	0	1	1	1	29	3	1	1	1	2	2	2
10:12:05	6	6	26.6	1.96	2055.7	267.3				55	48	45	59	45	139	44	35	76	69	336	54	30	24	149	135	57	42	99	14	11	11	11	9	9	8	7	7	6	6	5	5	4	4	4	4	3	2	2	2	1	1	1	0	0	0	0	0	0	1	1	1	1	1	1	2	12	4	1	1	1	2	2	2
10:12:38	6	7	103.6	2.53	2043.5	260.0				77	620	784	931	1320	1086	332	100	51	157	37	27	24	20	24	19	18	13	10	11	10	9	9	11	48	287	19	11	46	6	5	5	5	6	5	6	6	6	5	4	4	3	3	4	3	3	2	2	3	3	3	6	224	82	78	6	2	5	16	2	1	2	2	3
10:12:42	6	8	106.8	2.48	2041.0	261.2				90	667	821	1161	1095	1097	326	89	49	142	41	26	25	20	22	20	18	13	10	10	10	9	9	10	16	66	16	11	60	6	5	5	5	6	6	6	6	9	6	5	4	3	4	4	3	3	3	3	3	4	4	9	404	154	133	12	3	8	38	13	2	2	2	3
10:12:45	6	9	112.9	2.63	2048.3	261.2				102	647	792	1334	1199	1322	485	95	53	196	40	28	24	21	20	18	17	13	10	10	10	9	9	9	10	27	12	9	43	6	5	5	5	6	6	6	6	7	6	4	4	3	4	4	3	3	2	2	3	3	4	7	328	105	73	10	2	6	23	4	2	2	2	3
10:13:20	6	10	21.3	2.27	2041.0	253.9				106	139	51	309	139	122	37	93	64	14	12	11	11	12	9	8	9	9	9	8	8	8	8	8	9	8	8	9	8	6	7	8	8	7	7	7	7	7	6	7	4	4	9	5	2	0	0	0	0	0	0	0	0	0	0	0	0	1	2	2	3	4	8	4
10:13:24	6	11	21.3	2.41	2043.5	252.7				105	116	53	356	132	94	34	110	56	14	12	11	11	12	9	8	9	9	9	9	8	9	8	8	8	9	8	9	8	6	7	8	8	7	7	7	7	7	6	7	4	4	10	5	2	0	0	0	0	0	0	0	0	0	0	0	0	1	2	2	3	4	8	4
10:13:28	6	12	21.0	2.31	2043.5	251.5				107	123	53	322	127	109	35	103	58	15	12	11	11	11	9	9	9	9	9	9	8	9	8	8	8	8	8	9	8	6	7	8	8	7	7	7	7	7	6	7	4	4	9	5	2	0	0	0	0	0	0	0	0	0	0	0	0	1	2	2	3	4	9	4
10:13:54	6	13	20.0	3.55	2038.6	247.8				57	149	485	246	168	25	13	9	7	6	5	5	5	5	4	3	2	2	2	2	2	2	2	2	2	2	2	2	2	2	3	3	4	4	4	4	4	4	4	3	3	3	3	3	2	1	0	1	2	2	2	1	1	1	1	1	1	1	1	0	0	1	0	0
10:13:58	6	14	17.9	3.67	2015.4	249.0				51	103	456	250	118	20	12	8	6	6	5	5	5	4	4	2	2	2	2	2	2	2	2	2	2	2	2	2	2	2	3	3	4	4	4	4	4	4	4	3	3	3	3	3	2	1	1	1	2	2	2	1	1	1	1	1	1	1	1	0	0	1	0	0
10:14:03	6	15	12.0	3.15	2028.8	249.0				50	67	250	151	82	17	11	8	6	5	5	5	4	4	4	2	2	2	2	2	2	2	2	2	2	2	2	2	2	2	3	3	3	4	4	4	4	4	4	3	3	3	3	3	2	1	0	1	2	2	2	1	1	1	1	1	1	1	1	0	0	1	0	0
10:14:31	6	16	30.5	2.09	2025.1	245.4				341	113	108	45	275	54	35	174	24	20	21	54	38	19	15	12	13	11	12	13	10	9	8	8	8	8	7	8	9	213	56	8	96	28	5	4	4	3	2	2	2	2	3	3	3	3	3	3	3	3	3	2	2	2	2	3	5	5	2	2	2	1	2	1
10:14:34	6	17	35.9	2.29	2026.4	245.4				506	186	177	63	320	82	47	188	26	23	25	78	47	21	17	13	13	12	13	12	11	10	9	8	8	8	7	7	8	159	58	6	42	13	4	4	4	3	2	2	2	2	2	2	2	2	2	2	2	2	2	2	2	2	2	2	6	5	2	2	1	1	2	1
10:14:38	6	18	38.2	2.55	2023.9	245.4				662	247	228	65	252	79	42	159	25	21	25	60	32	20	16	13	12	11	12	11	10	9	8	8	7	7	7	7	8	187	65	8	48	8	4	4	4	3	2	2	2	2	2	2	2	2	2	2	2	2	2	2	2	2	2	2	4	4	2	2	1	1	1	1
	
Average of	18	 readings
  SunScan probe:		38.7	  BFS Total:		2043.1				
	
10:41:27	7	1	1716.3	0.30	2092.3	258.8				2088	1989	1957	1929	1056	834	1547	1839	1960	2004	2015	1991	1995	2015	2029	2004	2074	2022	2002	1992	1990	2005	1985	2001	2044	1988	1956	2124	1976	1969	1998	1964	1975	1948	1934	1951	1915	731	1677	1954	2001	1963	1846	1856	368	416	625	501	522	217	1558	2002	1967	1711	1919	1076	649	2002	1973	1988	1974	1894	1689	1703
10:41:32	7	2	1738.5	0.27	2089.8	258.8				2088	1988	1957	1828	1415	868	1537	1721	1948	2004	2012	1991	1998	2016	2032	2006	2078	2025	2006	1994	1991	2007	1989	2006	2048	1995	1963	2099	1943	1976	2002	1969	1982	1951	1938	1957	1931	1484	1005	1951	2011	1963	1588	1814	292	438	717	742	761	263	1618	2007	1970	1869	1824	1362	707	1999	1982	1996	1998	2006	1962	1678
10:41:36	7	3	1740.0	0.28	2089.8	258.8				2095	1991	1960	1954	1545	1054	989	1536	1939	2009	2017	1993	2003	2016	2036	2008	2078	2030	2009	2004	1999	2009	1995	2009	2041	1993	1960	2045	1906	1976	2002	1968	1980	1955	1941	1958	1935	1810	490	1933	2004	1958	1461	1753	275	413	749	863	886	392	1623	2006	1965	1866	1818	1357	783	1999	1988	2000	2006	2014	1985	2034
10:41:53	7	4	1187.7	0.48	2094.7	261.2				2094	1993	1955	1967	1943	1969	1955	1971	1956	1992	1942	1860	1991	2004	1795	1791	1957	1703	1811	1601	680	746	1184	1716	1848	1245	791	433	535	269	858	248	447	828	695	584	983	871	995	1046	1148	1590	927	1161	1349	936	1003	850	915	634	1266	1110	756	611	579	445	393	438	619	581	1056	959	836	604
10:41:57	7	5	1150.7	0.43	2099.6	261.2				2085	1981	1955	1969	1940	1964	1953	1957	1902	1888	1841	1526	1500	1411	1669	1761	1850	1416	1496	715	1209	1292	964	794	1570	1310	1046	1138	959	813	837	255	718	1223	925	653	632	456	569	549	910	914	958	696	1208	845	723	498	689	1288	651	647	679	1133	814	817	901	765	864	652	926	446	1410	1526
10:42:01	7	6	1136.2	0.45	2094.7	263.7				2093	1993	1961	1969	1945	1971	1956	1974	1955	1982	1947	1883	1859	1742	1559	1227	1210	1456	1430	1186	1368	1279	1071	1009	413	1275	1049	1155	994	1370	772	754	746	329	850	1180	1173	957	419	415	438	700	919	671	702	1017	1103	1193	1083	800	687	865	1038	645	315	287	574	816	748	1216	886	601	623	919
10:42:21	7	7	850.2	0.63	2097.2	264.9				2035	864	492	185	644	1673	1438	1557	1757	1858	1919	1808	1625	1622	1258	1178	1265	1376	1171	1399	1045	1135	1207	1558	1260	1219	1158	773	1112	1070	1422	686	424	654	672	415	477	427	277	242	321	225	165	138	139	163	201	261	249	637	845	502	902	572	474	565	617	197	456	341	408	615	539	527
10:42:26	7	8	900.7	0.57	2094.7	266.1				1964	327	154	252	1388	1659	1658	1542	1629	1526	1607	1753	1725	1541	1403	1506	1189	1336	1094	1204	1067	1235	1545	1258	1160	1335	1249	1277	1298	1244	1517	990	664	468	438	518	421	263	246	374	358	353	202	373	213	317	605	363	397	647	369	327	596	483	1091	840	551	317	520	701	600	664	784	950
10:42:30	7	9	872.6	0.54	2099.6	266.1				1928	375	148	309	1550	1583	1553	1461	1008	1007	1229	1525	1388	1425	1482	1101	1377	1045	759	1218	1873	1363	1274	1359	1438	1431	986	1105	1041	1145	1070	413	662	465	683	415	300	343	380	379	397	406	270	290	218	497	369	640	816	527	620	562	761	587	403	516	225	282	1240	1135	939	868	741	945
10:42:58	7	10	543.0	0.46	2100.8	266.1				1046	957	598	425	494	516	535	500	359	164	155	176	284	603	585	1094	695	930	686	551	584	876	803	620	896	871	786	654	671	410	417	342	338	368	289	463	613	328	620	308	276	232	395	348	244	327	377	573	153	181	201	755	773	902	715	662	774	967	767	941	689	421	321	148
10:43:03	7	11	557.0	0.41	2106.9	266.1				1087	731	584	721	436	506	439	314	317	276	181	282	1078	1309	788	280	359	514	730	473	684	738	1065	1053	698	559	533	615	338	285	472	442	437	655	677	422	561	512	309	317	694	514	385	462	517	677	562	458	405	330	572	298	620	776	625	579	441	650	833	723	566	550	430	209
10:43:07	7	12	638.4	0.37	2116.7	266.1				1014	1008	548	624	703	984	708	483	381	714	801	621	760	741	582	517	438	555	305	568	412	371	264	314	286	324	315	230	309	446	541	458	521	475	1041	684	456	632	632	539	756	692	652	817	865	313	585	715	985	826	1003	750	737	908	892	792	790	909	518	717	615	596	685	1437
10:43:28	7	13	1223.6	0.33	2114.3	266.1				1779	1796	1468	1588	1512	1530	1436	1767	1575	1584	1234	1664	1562	1473	1828	1463	1470	1790	1824	1583	1287	977	981	915	1094	1060	759	1194	1044	1137	1472	1715	1440	1810	1398	1007	746	920	1186	1267	1350	1630	1674	1381	1596	1407	1054	698	512	297	680	1000	1056	852	1171	1112	798	768	862	902	711	647	270	551
10:43:32	7	14	1287.9	0.31	2114.3	264.9				1168	1299	1335	1670	1587	1340	1464	1492	1299	993	1673	1629	1486	1607	1317	1700	2015	1562	1885	1401	1641	1570	1418	1681	1825	1652	1620	1362	931	982	1363	1762	1848	1618	1502	1273	1211	1538	1672	1498	1327	1404	1669	1620	1294	1060	1185	834	326	289	563	788	759	876	872	1020	948	1100	839	897	599	841	537	887
10:43:36	7	15	1230.4	0.28	2119.1	266.1				1572	1014	1188	1351	1630	1614	1466	1439	1462	1672	1336	1278	1439	1485	1745	1501	1226	1754	1671	1665	1779	1429	976	836	1292	1270	1122	1143	1314	1402	1368	1339	1311	1446	1536	1252	1171	1104	988	1131	1095	1471	1480	1291	1456	1680	1141	491	273	647	1118	1423	1136	1145	1084	991	700	939	853	895	1062	919	515	230
10:43:55	7	16	1623.2	0.26	2126.5	264.9				877	999	1030	902	1162	1356	1332	1172	1022	879	1316	1057	1188	945	1135	1475	1635	1484	1431	1577	1729	1810	1894	1938	2024	1892	1954	2131	1976	1824	1996	1971	1982	1967	1954	1958	1892	1607	1808	1951	1986	1949	1956	1890	498	663	1121	1992	2020	952	1862	2038	1992	2033	2039	1999	1994	2058	1959	1897	1907	1689	1580	1584
10:43:59	7	17	1709.3	0.17	2131.3	264.9				2083	1986	1957	1966	1942	1964	1805	1710	1939	1881	1885	1904	1720	1689	1428	1671	1630	1336	1697	1601	1681	1582	1661	1624	1765	1761	1592	1967	1601	1880	1876	1673	1680	1601	1197	1386	1113	805	1585	1612	1700	1757	1949	1853	1311	1243	1008	608	1628	2026	1817	1903	1982	2033	2037	2018	1998	2061	1966	1744	1655	1842	1836	1990
10:44:03	7	18	1702.0	0.18	2131.3	266.1				2083	1983	1960	1967	1951	1969	1969	1980	1833	1966	1991	1912	1962	1979	1844	1681	1788	1653	1814	1420	1474	1674	1490	1697	1948	1799	1608	1864	1635	1610	1738	1713	1808	1824	1702	1619	1386	1211	1636	1850	1705	1537	1608	1561	1081	995	828	532	1020	1455	1348	1418	1771	1902	1797	1774	1824	1919	1934	1998	1961	2014	1882	2073
	
Average of	18	 readings
  SunScan probe:		1211.5	  BFS Total:		2106.3				
	
10:44:34	8	1	4.8	1.39	2141.1	264.9				26	22	19	17	16	14	13	12	12	20	26	7	5	4	4	3	3	4	4	4	4	4	4	3	3	2	2	2	2	2	2	2	1	1	1	1	1	1	1	1	1	1	1	1	0	0	0	0	1	1	1	1	7	5	2	8	1	0	0	0	0	0	0	4
10:44:38	8	2	5.2	1.37	2133.8	264.9				27	22	19	18	17	15	13	13	12	15	27	7	5	4	4	3	3	4	4	4	4	4	4	3	3	3	2	2	2	2	2	2	2	1	1	1	1	1	1	1	1	1	1	0	0	0	0	0	1	0	1	1	13	5	2	8	1	0	0	0	0	0	1	23
10:44:42	8	3	5.4	1.41	2147.2	264.9				27	22	19	18	16	15	13	13	12	14	28	7	5	4	4	3	3	4	4	4	4	4	4	3	3	3	2	2	2	2	2	2	2	1	1	1	1	1	1	1	1	1	1	1	0	0	0	0	1	1	1	1	17	5	2	8	0	0	0	0	0	0	1	32
10:45:12	8	4	12.3	2.70	2150.9	261.2				14	13	11	11	10	9	8	7	6	6	5	4	4	3	3	2	1	0	0	0	0	0	0	0	1	1	1	2	2	1	1	0	1	1	2	2	2	3	6	9	37	15	29	5	1	0	1	5	8	8	10	129	76	231	9	7	32	8	5	5	5	5	5	5
10:45:17	8	5	15.7	2.64	2148.4	261.2				14	13	11	11	10	9	8	7	6	6	5	4	4	3	3	2	1	0	0	0	0	0	0	0	1	1	1	1	1	1	1	0	1	1	10	2	2	3	7	14	176	46	10	3	1	0	2	5	8	9	11	215	74	193	9	7	34	8	5	5	5	5	5	5
10:45:21	8	6	14.1	2.48	2155.8	261.2				15	13	11	11	10	9	8	8	6	6	5	4	4	4	3	2	1	0	0	0	0	0	0	0	1	1	1	1	1	1	1	0	1	1	20	2	2	3	7	12	152	38	10	3	2	0	2	5	8	9	11	174	63	168	9	7	29	8	5	5	5	5	5	5
10:45:44	8	7	9.7	2.80	2154.5	258.8				15	13	12	11	10	9	8	8	8	12	8	7	7	7	7	7	7	10	7	7	7	7	7	7	6	6	6	7	6	6	6	6	6	5	5	5	4	4	4	3	3	3	3	4	6	8	225	13	9	4	3	3	3	4	4	4	4	5	4	5	5	4	4	4
10:45:49	8	8	6.0	0.74	2150.9	258.8				14	12	11	11	9	8	8	7	7	16	8	6	6	6	7	6	6	8	22	6	6	6	5	5	5	5	5	6	5	5	6	5	5	5	4	4	4	4	3	3	3	2	3	3	4	4	28	4	3	2	2	2	3	3	3	3	4	4	4	4	4	4	3	3
10:45:54	8	9	6.1	0.92	2143.6	257.6				14	12	12	11	10	8	8	8	7	6	6	6	6	6	6	6	6	6	12	6	6	6	5	5	5	5	5	5	5	5	5	5	5	5	4	4	4	4	3	3	2	2	3	4	26	5	40	4	3	3	2	2	2	3	3	3	3	4	3	4	4	3	3	3
10:46:36	8	10	1.3	1.26	2148.4	255.1				9	7	6	4	4	3	3	2	2	1	1	1	1	1	1	1	1	1	1	1	1	1	0	0	0	0	0	0	0	0	0	1	1	1	0	0	0	1	1	1	1	1	1	1	1	1	1	1	1	1	1	1	0	1	0	1	1	1	1	1	1	2	2	3
10:46:40	8	11	1.3	1.19	2160.6	255.1				9	7	6	4	4	3	3	2	2	1	1	1	1	1	1	1	1	1	1	1	1	1	0	0	0	0	0	0	0	0	1	1	1	1	0	0	1	1	1	1	1	1	1	1	2	2	1	1	1	1	1	1	1	1	0	1	1	1	1	1	1	2	2	3
10:46:44	8	12	1.3	1.16	2158.2	253.9				9	7	6	4	4	3	3	2	2	1	1	1	1	1	2	1	1	1	1	1	1	1	0	0	0	0	0	0	0	0	1	1	1	1	0	0	0	1	1	1	1	1	1	1	2	2	1	1	1	1	1	1	0	1	0	1	1	1	1	1	1	2	2	3
10:47:06	8	13	9.2	2.20	2150.9	253.9				89	67	29	25	97	45	44	58	18	11	8	7	7	7	6	4	3	3	3	2	2	2	2	2	2	1	1	1	1	1	1	1	1	0	0	1	1	2	2	1	1	2	1	1	1	1	1	1	1	1	1	2	2	1	2	2	1	1	2	2	2	2	2	2
10:47:10	8	14	9.2	2.23	2150.9	253.9				87	66	28	25	104	48	46	54	19	11	8	7	7	7	6	4	3	3	3	2	2	2	2	1	2	1	1	1	1	1	1	1	1	0	0	0	1	2	2	1	1	2	1	1	1	1	1	1	1	1	1	2	2	1	2	2	1	1	2	2	2	2	2	2
10:47:14	8	15	9.4	2.22	2150.9	255.1				91	69	24	25	110	36	42	50	35	12	9	8	11	7	6	4	3	3	3	2	2	2	2	2	2	1	1	1	1	1	1	1	1	0	0	0	1	2	2	1	1	2	1	1	1	1	1	1	1	1	1	2	2	1	2	1	1	1	2	2	2	2	2	2
10:47:38	8	16	10.1	2.45	2153.3	260.0				189	33	25	22	19	17	16	14	12	10	8	9	12	8	17	55	14	10	48	11	7	7	6	6	5	4	3	3	2	1	1	0	0	1	2	2	1	1	1	2	2	3	3	4	3	3	3	3	3	2	2	1	1	2	1	1	1	1	1	1	1	2	2	1
10:47:43	8	17	7.1	1.34	2153.3	263.7				47	29	24	21	19	17	17	15	12	10	8	9	13	8	10	45	15	9	14	8	7	6	6	6	5	4	3	3	2	1	1	0	0	1	2	2	1	1	1	2	2	3	3	4	4	3	3	3	3	2	2	2	1	2	2	1	1	1	1	1	2	2	2	1
10:47:48	8	18	7.3	1.48	2153.3	264.9				58	31	26	23	21	19	17	15	13	11	9	8	8	8	8	12	10	9	52	12	7	7	6	6	5	4	4	3	2	1	1	0	0	1	2	2	1	1	1	2	2	3	3	4	4	3	3	3	3	2	2	1	1	2	2	1	1	1	1	1	1	2	2	1
	
Average of	18	 readings
  SunScan probe:		7.5	  BFS Total:		2150.3				
	
